1669449811386 0.42 50
1669449833859 0.83 100
1669449844589 1.0 120
1669449860079 1.25 150
1669449882741 1.67 200
1669449902483 2.0 240
1669449908914 2.08 250
1669449931381 2.5 300
1669449953853 2.92 350
1669449960077 3.0 360
1669449980057 3.33 400
1669450002513 3.75 450
1669450017733 4.0 480
1669450028658 4.17 500
1669450051132 4.58 550
1669450073347 5.0 600
1669450075322 5.0 600
1669450099645 5.42 650
1669450122077 5.83 700
1669450132790 6.0 720
1669450148228 6.25 750
1669450170704 6.67 800
1669450190435 7.0 840
1669450196798 7.08 850
1669450219289 7.5 900
1669450241779 7.92 950
1669450248004 8.0 960
1669450268132 8.33 1000
1669450290655 8.75 1050
1669450305858 9.0 1080
1669450317020 9.17 1100
1669450339501 9.58 1150
1669450361723 10.0 1200
1669450363700 10.0 1200
1669450387996 10.42 1250
1669450410476 10.83 1300
1669450421189 11.0 1320
1669450436486 11.25 1350
1669450458979 11.67 1400
1669450478737 12.0 1440
1669450485040 12.08 1450
1669450507582 12.5 1500
1669450530106 12.92 1550
1669450536351 13.0 1560
1669450556226 13.33 1600
1669450578718 13.75 1650
1669450593931 14.0 1680
1669450604789 14.17 1700
1669450627328 14.58 1750
1669450649598 15.0 1800
1669450651582 15.0 1800
1669450675969 15.42 1850
1669450698452 15.83 1900
1669450709160 16.0 1920
1669450724537 16.25 1950
1669450747033 16.67 2000
1669450766765 17.0 2040
1669450773205 17.08 2050
1669450795745 17.5 2100
1669450818251 17.92 2150
1669450824471 18.0 2160
1669450844575 18.33 2200
1669450867062 18.75 2250
1669450882273 19.0 2280
1669450893413 19.17 2300
1669450915890 19.58 2350
1669450938130 20.0 2400
1669450940106 20.0 2400
1669450964737 20.42 2450
1669450987254 20.83 2500
1669450998015 21.0 2520
1669451013651 21.25 2550
1669451036150 21.67 2600
1669451055875 22.0 2640
1669451062121 22.08 2650
1669451084632 22.5 2700
1669451107161 22.92 2750
1669451113383 23.0 2760
1669451133139 23.33 2800
1669451155617 23.75 2850
1669451170840 24.0 2880
1669451181578 24.17 2900
1669451204062 24.58 2950
1669451226290 25.0 3000
1669451228269 25.0 3000
1669451230038 25.0 3000
