1669449811386 9.833333333333333e-06 50
1669449833859 9.666666666666667e-06 100
1669449860079 9.5e-06 150
1669449882741 9.333333333333334e-06 200
1669449908914 9.166666666666666e-06 250
1669449931381 9e-06 300
1669449953853 8.833333333333334e-06 350
1669449980057 8.666666666666668e-06 400
1669450002513 8.5e-06 450
1669450028658 8.333333333333334e-06 500
1669450051132 8.166666666666668e-06 550
1669450073347 8.000000000000001e-06 600
1669450099645 7.833333333333333e-06 650
1669450122077 7.666666666666667e-06 700
1669450148228 7.500000000000001e-06 750
1669450170704 7.333333333333333e-06 800
1669450196798 7.166666666666667e-06 850
1669450219289 7e-06 900
1669450241779 6.833333333333334e-06 950
1669450268132 6.666666666666667e-06 1000
1669450290655 6.5000000000000004e-06 1050
1669450317020 6.333333333333333e-06 1100
1669450339501 6.166666666666667e-06 1150
1669450361723 6e-06 1200
1669450387996 5.833333333333334e-06 1250
1669450410476 5.666666666666667e-06 1300
1669450436486 5.500000000000001e-06 1350
1669450458979 5.333333333333334e-06 1400
1669450485040 5.1666666666666675e-06 1450
1669450507582 5e-06 1500
1669450530106 4.833333333333333e-06 1550
1669450556226 4.666666666666667e-06 1600
1669450578718 4.5e-06 1650
1669450604789 4.333333333333334e-06 1700
1669450627328 4.166666666666667e-06 1750
1669450649598 4.000000000000001e-06 1800
1669450675969 3.833333333333334e-06 1850
1669450698452 3.6666666666666666e-06 1900
1669450724537 3.5e-06 1950
1669450747033 3.3333333333333333e-06 2000
1669450773205 3.1666666666666667e-06 2050
1669450795745 3e-06 2100
1669450818251 2.8333333333333335e-06 2150
1669450844575 2.666666666666667e-06 2200
1669450867062 2.5e-06 2250
1669450893413 2.3333333333333336e-06 2300
1669450915890 2.166666666666667e-06 2350
1669450938130 2.0000000000000003e-06 2400
1669450964737 1.8333333333333333e-06 2450
1669450987254 1.6666666666666667e-06 2500
1669451013651 1.5e-06 2550
1669451036150 1.3333333333333334e-06 2600
1669451062121 1.1666666666666668e-06 2650
1669451084632 1.0000000000000002e-06 2700
1669451107161 8.333333333333333e-07 2750
1669451133139 6.666666666666667e-07 2800
1669451155617 5.000000000000001e-07 2850
1669451181578 3.3333333333333335e-07 2900
1669451204062 1.6666666666666668e-07 2950
1669451226290 0.0 3000
