1669449811386 2.9743 50
1669449833859 1.9572 100
1669449860079 1.4428 150
1669449882741 1.2588 200
1669449908914 1.1544 250
1669449931381 1.0278 300
1669449953853 1.0951 350
1669449980057 1.0255 400
1669450002513 0.9766 450
1669450028658 0.8616 500
1669450051132 0.9496 550
1669450073347 0.8607 600
1669450099645 0.7516 650
1669450122077 0.7622 700
1669450148228 0.6943 750
1669450170704 0.5975 800
1669450196798 0.6901 850
1669450219289 0.5603 900
1669450241779 0.5709 950
1669450268132 0.5399 1000
1669450290655 0.4981 1050
1669450317020 0.4231 1100
1669450339501 0.4262 1150
1669450361723 0.4083 1200
1669450387996 0.4188 1250
1669450410476 0.3654 1300
1669450436486 0.3577 1350
1669450458979 0.2736 1400
1669450485040 0.3796 1450
1669450507582 0.3043 1500
1669450530106 0.3386 1550
1669450556226 0.306 1600
1669450578718 0.2732 1650
1669450604789 0.2663 1700
1669450627328 0.2744 1750
1669450649598 0.2551 1800
1669450675969 0.2231 1850
1669450698452 0.257 1900
1669450724537 0.2466 1950
1669450747033 0.2487 2000
1669450773205 0.2097 2050
1669450795745 0.2331 2100
1669450818251 0.2053 2150
1669450844575 0.251 2200
1669450867062 0.2068 2250
1669450893413 0.1942 2300
1669450915890 0.2066 2350
1669450938130 0.2542 2400
1669450964737 0.2361 2450
1669450987254 0.1995 2500
1669451013651 0.185 2550
1669451036150 0.2132 2600
1669451062121 0.1689 2650
1669451084632 0.2146 2700
1669451107161 0.2097 2750
1669451133139 0.1578 2800
1669451155617 0.2329 2850
1669451181578 0.1482 2900
1669451204062 0.181 2950
1669451226290 0.2221 3000
