1669447969198 0.42 50
1669447991639 0.83 100
1669448002360 1.0 120
1669448017373 1.25 150
1669448039761 1.67 200
1669448059478 2.0 240
1669448065530 2.08 250
1669448088004 2.5 300
1669448110486 2.92 350
1669448116699 3.0 360
1669448136200 3.33 400
1669448158656 3.75 450
1669448173855 4.0 480
1669448184463 4.17 500
1669448206924 4.58 550
1669448229128 5.0 600
1669448231100 5.0 600
1669448255189 5.42 650
1669448277653 5.83 700
1669448288363 6.0 720
1669448303434 6.25 750
1669448325891 6.67 800
1669448345541 7.0 840
1669448351607 7.08 850
1669448374060 7.5 900
1669448396519 7.92 950
1669448402745 8.0 960
1669448422272 8.33 1000
1669448444695 8.75 1050
1669448459883 9.0 1080
1669448470690 9.17 1100
1669448493100 9.58 1150
1669448515306 10.0 1200
1669448517274 10.0 1200
1669448541160 10.42 1250
1669448563592 10.83 1300
1669448574288 11.0 1320
1669448589225 11.25 1350
1669448611671 11.67 1400
1669448631353 12.0 1440
1669448637399 12.08 1450
1669448659856 12.5 1500
1669448682312 12.92 1550
1669448688522 13.0 1560
1669448708013 13.33 1600
1669448730447 13.75 1650
1669448745597 14.0 1680
1669448756167 14.17 1700
1669448778606 14.58 1750
1669448800783 15.0 1800
1669448802756 15.0 1800
1669448826723 15.42 1850
1669448849153 15.83 1900
1669448859809 16.0 1920
1669448874823 16.25 1950
1669448897268 16.67 2000
1669448916928 17.0 2040
1669448922956 17.08 2050
1669448945420 17.5 2100
1669448967896 17.92 2150
1669448974112 18.0 2160
1669448993641 18.33 2200
1669449016059 18.75 2250
1669449031200 19.0 2280
1669449041708 19.17 2300
1669449064174 19.58 2350
1669449086320 20.0 2400
1669449088290 20.0 2400
1669449112585 20.42 2450
1669449135071 20.83 2500
1669449145785 21.0 2520
1669449160951 21.25 2550
1669449183366 21.67 2600
1669449203021 22.0 2640
1669449209149 22.08 2650
1669449231617 22.5 2700
1669449254037 22.92 2750
1669449260231 23.0 2760
1669449279595 23.33 2800
1669449301952 23.75 2850
1669449317076 24.0 2880
1669449327814 24.17 2900
1669449350250 24.58 2950
1669449372433 25.0 3000
1669449374407 25.0 3000
1669449375990 25.0 3000
