1669447969198 9.833333333333333e-06 50
1669447991639 9.666666666666667e-06 100
1669448017373 9.5e-06 150
1669448039761 9.333333333333334e-06 200
1669448065530 9.166666666666666e-06 250
1669448088004 9e-06 300
1669448110486 8.833333333333334e-06 350
1669448136200 8.666666666666668e-06 400
1669448158656 8.5e-06 450
1669448184463 8.333333333333334e-06 500
1669448206924 8.166666666666668e-06 550
1669448229128 8.000000000000001e-06 600
1669448255189 7.833333333333333e-06 650
1669448277653 7.666666666666667e-06 700
1669448303434 7.500000000000001e-06 750
1669448325891 7.333333333333333e-06 800
1669448351607 7.166666666666667e-06 850
1669448374060 7e-06 900
1669448396519 6.833333333333334e-06 950
1669448422272 6.666666666666667e-06 1000
1669448444695 6.5000000000000004e-06 1050
1669448470690 6.333333333333333e-06 1100
1669448493100 6.166666666666667e-06 1150
1669448515306 6e-06 1200
1669448541160 5.833333333333334e-06 1250
1669448563592 5.666666666666667e-06 1300
1669448589225 5.500000000000001e-06 1350
1669448611671 5.333333333333334e-06 1400
1669448637399 5.1666666666666675e-06 1450
1669448659856 5e-06 1500
1669448682312 4.833333333333333e-06 1550
1669448708013 4.666666666666667e-06 1600
1669448730447 4.5e-06 1650
1669448756167 4.333333333333334e-06 1700
1669448778606 4.166666666666667e-06 1750
1669448800783 4.000000000000001e-06 1800
1669448826723 3.833333333333334e-06 1850
1669448849153 3.6666666666666666e-06 1900
1669448874823 3.5e-06 1950
1669448897268 3.3333333333333333e-06 2000
1669448922956 3.1666666666666667e-06 2050
1669448945420 3e-06 2100
1669448967896 2.8333333333333335e-06 2150
1669448993641 2.666666666666667e-06 2200
1669449016059 2.5e-06 2250
1669449041708 2.3333333333333336e-06 2300
1669449064174 2.166666666666667e-06 2350
1669449086320 2.0000000000000003e-06 2400
1669449112585 1.8333333333333333e-06 2450
1669449135071 1.6666666666666667e-06 2500
1669449160951 1.5e-06 2550
1669449183366 1.3333333333333334e-06 2600
1669449209149 1.1666666666666668e-06 2650
1669449231617 1.0000000000000002e-06 2700
1669449254037 8.333333333333333e-07 2750
1669449279595 6.666666666666667e-07 2800
1669449301952 5.000000000000001e-07 2850
1669449327814 3.3333333333333335e-07 2900
1669449350250 1.6666666666666668e-07 2950
1669449372433 0.0 3000
