1669447969198 3.1658 50
1669447991639 2.2009 100
1669448017373 1.5797 150
1669448039761 1.4269 200
1669448065530 1.2798 250
1669448088004 1.1277 300
1669448110486 1.1696 350
1669448136200 1.0724 400
1669448158656 1.0229 450
1669448184463 0.9414 500
1669448206924 0.9925 550
1669448229128 0.9492 600
1669448255189 0.8614 650
1669448277653 0.8805 700
1669448303434 0.8414 750
1669448325891 0.7503 800
1669448351607 0.8511 850
1669448374060 0.7047 900
1669448396519 0.7447 950
1669448422272 0.7137 1000
1669448444695 0.6686 1050
1669448470690 0.6243 1100
1669448493100 0.6057 1150
1669448515306 0.5893 1200
1669448541160 0.5787 1250
1669448563592 0.5511 1300
1669448589225 0.5352 1350
1669448611671 0.453 1400
1669448637399 0.533 1450
1669448659856 0.4546 1500
1669448682312 0.514 1550
1669448708013 0.4527 1600
1669448730447 0.414 1650
1669448756167 0.4281 1700
1669448778606 0.3956 1750
1669448800783 0.3848 1800
1669448826723 0.3498 1850
1669448849153 0.3764 1900
1669448874823 0.3857 1950
1669448897268 0.3674 2000
1669448922956 0.3421 2050
1669448945420 0.3551 2100
1669448967896 0.3117 2150
1669448993641 0.3609 2200
1669449016059 0.323 2250
1669449041708 0.2993 2300
1669449064174 0.313 2350
1669449086320 0.3587 2400
1669449112585 0.3508 2450
1669449135071 0.2951 2500
1669449160951 0.2774 2550
1669449183366 0.3152 2600
1669449209149 0.2658 2650
1669449231617 0.3167 2700
1669449254037 0.3023 2750
1669449279595 0.2511 2800
1669449301952 0.3268 2850
1669449327814 0.2464 2900
1669449350250 0.2904 2950
1669449372433 0.3181 3000
